50
184
2
93
0
0,50,2,184,184,105,184,57,107,9,59,11,184,113,184,65,115,17,67,19,120,184,72,122,24,74,26,184,184,184,80,184,82,33,184,35,184,184,184,89,40,91,42,184,184,184,96,184,48,98,
82,160,174,184,184,10,184,46,98,78,116,134,184,4,184,36,92,72,106,128,0,184,32,138,68,156,170,184,184,184,26,184,150,60,184,120,184,184,184,22,56,102,166,184,184,184,14,184,50,142,
1
0
0.0
0.0
2
0
0.0
0.0
0.0
0.0
1
0
0.0
0.0
3
0
0.0
0.0
0.0
0.0
0.0
0.0
1
0
0.0
0.0
2
0
0.0
0.0
0.0
0.0
1
0
0.0
0.0
4
0
0.0
0.0
0.0
0.0
0.0
0.0
0.0
0.0
1
0
0.0
0.0
2
0
0.0
0.0
0.0
0.0
1
0
0.0
0.0
3
0
0.0
0.0
0.0
0.0
0.0
0.0
1
0
0.0
0.0
2
0
0.0
0.0
0.0
0.0
1
0
0.0
0.0
4
0
0.0
0.0
0.0
0.0
0.0
0.0
0.0
0.0
2
0
0.0
0.0
0.0
0.0
1
0
0.0
0.0
1
0
0.0
0.0
4
0
0.0
0.0
0.0
0.0
0.0
0.0
0.0
0.0
1
0
0.0
0.0
3
0
0.0
0.0
0.0
0.0
0.0
0.0
2
0
0.0
0.0
0.0
0.0
1
0
0.0
0.0
1
0
0.0
0.0
3
0
0.0
0.0
0.0
0.0
0.0
0.0
2
0
0.0
0.0
0.0
0.0
1
0
0.0
0.0
2
0
0.0
0.0
0.0
0.0
1
0
0.0
0.0
1
0
0.0
0.0
4
0
0.0
0.0
0.0
0.0
0.0
0.0
0.0
0.0