32
184
2
93
0
96,65,33,0,67,35,98,2,72,105,40,9,107,11,74,42,80,113,48,17,115,19,82,50,120,89,57,24,91,59,122,26,
14,36,60,82,106,120,142,174,32,10,56,78,98,134,156,166,26,4,50,72,92,128,150,160,0,22,46,68,102,116,138,170,
1
0
0.0
0.0
2
0
0.0
0.0
0.0
0.0
1
0
0.0
0.0
3
0
0.0
0.0
0.0
0.0
0.0
0.0
1
0
0.0
0.0
2
0
0.0
0.0
0.0
0.0
1
0
0.0
0.0
4
0
0.0
0.0
0.0
0.0
0.0
0.0
0.0
0.0
1
0
0.0
0.0
2
0
0.0
0.0
0.0
0.0
1
0
0.0
0.0
3
0
0.0
0.0
0.0
0.0
0.0
0.0
1
0
0.0
0.0
2
0
0.0
0.0
0.0
0.0
1
0
0.0
0.0
4
0
0.0
0.0
0.0
0.0
0.0
0.0
0.0
0.0
2
0
0.0
0.0
0.0
0.0
1
0
0.0
0.0
1
0
0.0
0.0
4
0
0.0
0.0
0.0
0.0
0.0
0.0
0.0
0.0
1
0
0.0
0.0
3
0
0.0
0.0
0.0
0.0
0.0
0.0
2
0
0.0
0.0
0.0
0.0
1
0
0.0
0.0
1
0
0.0
0.0
3
0
0.0
0.0
0.0
0.0
0.0
0.0
2
0
0.0
0.0
0.0
0.0
1
0
0.0
0.0
2
0
0.0
0.0
0.0
0.0
1
0
0.0
0.0
1
0
0.0
0.0
4
0
0.0
0.0
0.0
0.0
0.0
0.0
0.0
0.0