p1dice      p2dice      diefaces        ev1         ev2         b1          b2          bound       iter

2 DICES
1           1           2               0.4982      -0.5        0.00361     0.00003     0.00723     10000
1           1           3               0.1102      -0.1111     0.00247     0.00019     0.00495     10000  
1           1           4               0.0613      -0.064      0.00522     0.00435     0.01044     10000
1           1           5               0.0062      -0.0097     0.01036     0.00455     0.02072     10000
1           1           6               -0.0301     0.02544     0.01797     0.00569     0.03596     10000


3 DICES
2           1           2               0.2478      -0.2509     0.00964     0.00247     0.01928     10000
1           2           2               0.25        -0.25       0.00203     0.00016     0.00407     10000
2           1           3               0.1468      -0.1496     0.01249     0.00337     0.02499     10000
1           2           3               0.0370      -0.0389     0.00173     0.00523     0.01047     10000


4 DICES
2           2           2               0.5         -0.5        0.00130     0.00016     0.00261     10000  
3           1           2               0.4985      -0.5005     0.01073     0.00184     0.02146     10000
1           3           2               0.375       -0.375      0.00030     0.00021     0.00061     10000


5 DICES
3           2           2               0.3121      -0.3125     0.00455     0.00053     0.00910     10000
2           3           2               0.1228      -0.1256     0.00810     0.00202     0.01621     10000
4           1           2               running second terminal
1           4           2               running first terminal

6 DICES
3           3           2               0.3732      -0.3759     0.01772     0.00343     0.03544     10000
4           2           2               
2           4           2               


