p1dice      p2dice      diefaces        ev1         ev2         b1          b2          bound       iter

2 DICES
1           1           2               0.4980      -0.5014     0.00059     0.00001     0.00119     100000
1           1           3               0.1092      -0.1121     0.00032     0.00002     0.00064     100000
1           1           4               0.0599      -0.0573     0.00080     0.00047     0.00160     100000
1           1           5               0.0028      -0.0014     0.00096     0.00043     0.00192     100000
1           1           6               


3 DICES
2           1           2               0.2529      -0.2475     0.00173     0.00047     0.00347     100000
1           2           2               0.2568      -0.2507     0.00003     0.00001     0.00006     100000
2           1           3               0.1476      -0.1417     0.00115     0.00023     0.00230     100000
1           2           3               0.0320      -0.0372     0.00026     0.00043     0.00086     100000


4 DICES
2           2           2               0.5055      -0.4962     0.00012     0.00002     0.00024     100000   
3           1           2               
1           3           2               


5 DICES
3           2           2               
2           3           2               
4           1           2               
1           4           2               


6 DICES
3           3           2               0.3158      -0.3089     0.03142     0.01625     0.06284     100000
4           2           2               
2           4           2               


