p1dice      p2dice      diefaces        ev1         ev2         b1          b2          bound       iter

1           1           2               0.5013      -0.5015     0.00098     0.00006     0.00196     100000
1           1           3               0.1120      -0.1147     0.00295     0.00103     0.00590     100000
1           1           4               0.0490      -0.0575     0.02227     0.01572     0.04450     100000
1           1           5               0.0020      -0.0022     0.05249     0.04030     0.10499     100000
1           1           6               -0.0269      0.0208     0.14464     0.11588     0.28929     100000

Don't actually know if below are correct

2           1           2               -0.0242      0.0161     0.14731     0.11812     0.29460     100000
2           1           3               -0.0200     0.02290     0.13968     0.11651     0.27937     100000

